   0
   8
  16
  23
  31
  38
  46
  53
  60
  67
  73
  79
  85
  91
  96
 101
 106
 110
 113
 117
 120
 122
 124
 125
 126
 127
 127
 127
 126
 124
 122
 120
 117
 114
 111
 106
 102
  97
  92
  86
  81
  74
  68
  61
  54
  47
  40
  32
  25
  17
   9
   2
  -6
 -14
 -22
 -29
 -37
 -44
 -51
 -58
 -65
 -72
 -78
 -84
 -90
 -95
-100
-105
-109
-113
-116
-119
-122
-124
-125
-126
-127
-127
-127
-126
-125
-123
-121
-118
-115
-111
-107
-103
 -98
 -93
 -88
 -82
 -76
 -69
 -63
 -56
 -49
 -41
 -34
 -26
 -19
 -11
  -3
   5
  12
  20
  28
  35
  43
  50
  57
  64
  71
  77
  83
  89
  94
  99
 104
 108
 112
 115
 118
 121
 123
 125
 126
 127
 127
 127
 126
 125
 123
 121
 118
 115
 112
 108
 104
  99
  94
  89
  83
  77
  71
  64
  57
  50
  43
  35
  28
  20
  12
   5
  -3
 -11
 -19
 -26
 -34
 -41
 -49
 -56
 -63
 -69
 -76
 -82
 -88
 -93
 -98
-103
-107
-111
-115
-118
-121
-123
-125
-126
-127
-127
-127
-126
-125
-124
-122
-119
-116
-113
-109
-105
-100
 -95
 -90
 -84
 -78
 -72
 -65
 -58
 -51
 -44
 -37
 -29
 -22
 -14
  -6
   2
   9
  17
  25
  32
  40
  47
  54
  61
  68
  74
  81
  86
  92
  97
 102
 106
 111
 114
 117
 120
 122
 124
 126
 127
 127
 127
 126
 125
 124
 122
 120
 117
 113
 110
 106
 101
  96
  91
  85
  79
  73
  67
  60
  53
  46
  38
  31
  23
  16
   8
   0
  -8
 -16
 -23
 -31
 -38
 -46
 -53
 -60
 -67
 -73
 -79
 -85
 -91
 -96
-101
-106
-110
-113
-117
-120
-122
-124
-125
-126
-127
-127
-127
-126
-124
-122
-120
-117
-114
-111
-106
-102
 -97
 -92
 -86
 -81
 -74
 -68
 -61
 -54
 -47
 -40
 -32
 -25
 -17
  -9
  -2
   6
  14
  22
  29
  37
  44
  51
  58
  65
  72
  78
  84
  90
  95
 100
 105
 109
 113
 116
 119
 122
 124
 125
 126
 127
 127
 127
 126
 125
 123
 121
 118
 115
 111
 107
 103
  98
  93
  88
  82
  76
  69
  63
  56
  49
  41
  34
  26
  19
  11
   3
  -5
 -12
 -20
 -28
 -35
 -43
 -50
 -57
 -64
 -71
 -77
 -83
 -89
 -94
 -99
-104
-108
-112
-115
-118
-121
-123
-125
-126
-127
-127
-127
-126
-125
-123
-121
-118
-115
-112
-108
-104
 -99
 -94
 -89
 -83
 -77
 -71
 -64
 -57
 -50
 -43
 -35
 -28
 -20
 -12
  -5
   3
  11
  19
  26
  34
  41
  49
  56
  63
  69
  76
  82
  88
  93
  98
 103
 107
 111
 115
 118
 121
 123
 125
 126
 127
 127
 127
 126
 125
 124
 122
 119
 116
 113
 109
 105
 100
  95
  90
  84
  78
  72
  65
  58
  51
  44
  37
  29
  22
  14
   6
  -2
  -9
 -17
 -25
 -32
 -40
 -47
 -54
 -61
 -68
 -74
 -81
 -86
 -92
 -97
-102
-106
-111
-114
-117
-120
-122
-124
-126
-127
-127
-127
-126
-125
-124
-122
-120
-117
-113
-110
-106
-101
 -96
 -91
 -85
 -79
 -73
 -67
 -60
 -53
 -46
 -38
 -31
 -23
 -16
  -8
   0
   8
  16
  23
  31
  38
  46
  53
  60
  67
  73
  79
  85
  91
  96
 101
 106
 110
 113
 117
 120
 122
 124
 125
 126
 127
 127
 127
 126
 124
 122
 120
 117
 114
 111
 106
 102
  97
  92
  86
  81
  74
  68
  61
  54
  47
  40
  32
  25
  17
   9
   2
  -6
 -14
 -22
 -29
 -37
 -44
 -51
 -58
 -65
 -72
 -78
 -84
 -90
 -95
-100
-105
-109
-113
-116
-119
-122
-124
-125
-126
-127
-127
-127
-126
-125
-123
-121
-118
-115
-111
-107
-103
 -98
 -93
 -88
 -82
 -76
 -69
 -63
 -56
 -49
 -41
 -34
 -26
 -19
 -11
  -3
   5
  12
  20
  28
  35
  43
  50
  57
  64
  71
  77
  83
  89
  94
  99
 104
 108
 112
 115
 118
 121
 123
 125
 126
 127
 127
 127
 126
 125
 123
 121
 118
 115
 112
 108
 104
  99
  94
  89
  83
  77
  71
  64
  57
  50
  43
  35
  28
  20
  12
   5
  -3
 -11
 -19
 -26
 -34
 -41
 -49
 -56
 -63
 -69
 -76
 -82
 -88
 -93
 -98
-103
-107
-111
-115
-118
-121
-123
-125
-126
-127
-127
-127
-126
-125
-124
-122
-119
-116
-113
-109
-105
-100
 -95
 -90
 -84
 -78
 -72
 -65
 -58
 -51
 -44
 -37
 -29
 -22
 -14
  -6
   2
   9
  17
  25
  32
  40
  47
  54
  61
  68
  74
  81
  86
  92
  97
 102
 106
 111
 114
 117
 120
 122
 124
 126
 127
 127
 127
 126
 125
 124
 122
 120
 117
 113
 110
 106
 101
  96
  91
  85
  79
  73
  67
  60
  53
  46
  38
  31
  23
  16
   8
   0
  -8
 -16
 -23
 -31
 -38
 -46
 -53
 -60
 -67
 -73
 -79
 -85
 -91
 -96
-101
-106
-110
-113
-117
-120
-122
-124
-125
-126
-127
-127
-127
-126
-124
-122
-120
-117
-114
-111
-106
-102
 -97
 -92
 -86
 -81
 -74
 -68
 -61
 -54
 -47
 -40
 -32
 -25
 -17
  -9
  -2
   6
  14
  22
  29
  37
  44
  51
  58
  65
  72
  78
  84
  90
  95
 100
 105
 109
 113
 116
 119
 122
 124
 125
 126
 127
 127
 127
 126
 125
 123
 121
 118
 115
 111
 107
 103
  98
  93
  88
  82
  76
  69
  63
  56
  49
  41
  34
  26
  19
  11
   3
  -5
 -12
 -20
 -28
 -35
 -43
 -50
 -57
 -64
 -71
 -77
 -83
 -89
 -94
 -99
-104
-108
-112
-115
-118
-121
-123
-125
-126
-127
-127
-127
-126
-125
-123
-121
-118
-115
-112
-108
-104
 -99
 -94
 -89
 -83
 -77
 -71
 -64
 -57
 -50
 -43
 -35
 -28
 -20
 -12
  -5
   3
  11
  19
  26
  34
  41
  49
  56
  63
  69
  76
  82
  88
  93
  98
 103
 107
 111
 115
 118
 121
 123
 125
 126
 127
 127
 127
 126
 125
 124
 122
 119
 116
 113
 109
 105
 100
  95
  90
  84
  78
  72
  65
  58
  51
  44
  37
  29
  22
  14
   6
  -2
  -9
 -17
 -25
 -32
 -40
 -47
 -54
 -61
 -68
 -74
 -81
 -86
 -92
 -97
-102
-106
-111
-114
-117
-120
-122
-124
-126
-127
-127
-127
-126
-125
-124
-122
-120
-117
-113
-110
-106
-101
 -96
 -91
 -85
 -79
 -73
 -67
 -60
 -53
 -46
 -38
 -31
 -23
 -16
  -8
